c ---- [ banner ] ------------------------------------------------------------
c
c Kissat SAT Solver
c 
c Copyright (c) 2021-2024 Armin Biere University of Freiburg
c Copyright (c) 2019-2021 Armin Biere Johannes Kepler University Linz
c 
c Version 4.0.3-2 debian
c x86_64-linux-gnu-gcc -W -Wall -ggdb3 -DEMBEDDED -DLOGGING -DMETRICS -g -O2 -Werror=implicit-function-declaration -fno-omit-frame-pointer -mno-omit-leaf-frame-pointer -ffile-prefix-map=/build/kissat-Ksiy7l/kissat-4.0.3=. -flto=auto -ffat-lto-objects -fstack-protector-strong -fstack-clash-protection -Wformat -Werror=format-security -fcf-protection -fdebug-prefix-map=/build/kissat-Ksiy7l/kissat-4.0.3=/usr/src/kissat-4.0.3-2 -D_DEFAULT_SOURCE -Wdate-time -D_FORTIFY_SOURCE=3 -g -O2 -Werror=implicit-function-declaration -fno-omit-frame-pointer -mno-omit-leaf-frame-pointer -ffile-prefix-map=/build/kissat-Ksiy7l/kissat-4.0.3=. -flto=auto -ffat-lto-objects -fstack-protector-strong -fstack-clash-protection -Wformat -Werror=format-security -fcf-protection -fdebug-prefix-map=/build/kissat-Ksiy7l/kissat-4.0.3=/usr/src/kissat-4.0.3-2 -D_DEFAULT_SOURCE
c
c ---- [ parsing ] -----------------------------------------------------------
c
c opened and reading DIMACS file:
c
c   artifacts/dts-kissat-sequential-long-001.cnf
c
c parsed 'p cnf 30964 1610283' header
c closing input after reading 29949542 bytes (29 MB)
c finished parsing after 1.55 seconds
c
c ---- [ solving ] -----------------------------------------------------------
c
c seconds  switched rate     size/glue tier1   binary            remaining
c         MB reductions conflicts size  tier2       irredundant
c          level restarts redundant glue  trail             variables
c
c *  1.55 212 0 0 0  0 0   0   0 0.0 0 0 0 0 0% 260623 1349660 30964 100%
c (  1.56 213 0 0 0  0 0   0   0 0.0 0 0 0 0 0% 260623 1349660 30964 100%
c .  1.56 213 0 0 0  0 0   0   0 0.0 0 0 0 0 0% 260623 1349660 30964 100%
c f  9.54 240 0 0 0  0 0   0   0 0.0 0 0 0 0 0% 260628 1221768 30969 100%
c e 10.94 246 0 0 0  0 0   0   0 0.0 0 0 0 0 0% 266990 1222120 15233 49%
c ) 10.94 246 0 0 0  0 0   0   0 0.0 0 0 0 0 0% 266990 1222120 15233 49%
c { 10.95 246 0 0 0  0 0   0   0 0.0 0 0 2 6 0% 266990 1222120 15233 49%
c i 10.96 246 2679 0 0  0 79  36  35 1.0 118 117 2 6 87% 266990 1222120 15232 49%
c i 11.00 246 1691 0 0  3 23 192 146 1.0 86 84 103 108 57% 267003 1222116 15231 49%
c i 11.01 246 985 0 0  3 15 366 281 1.7 76 45 6 107 33% 267013 1222112 15230 49%
c i 11.56 246 610 0 0 20 15 957 794 1.9 91 47 6 107 52% 267016 1222111 15229 49%
c i 11.56 246 609 0 0 21 15 959 794 1.9 90 47 6 107 52% 267016 1222111 15227 49%
c i 11.56 246 608 0 0 22 15 960 794 1.9 90 47 6 107 51% 267016 1222111 15226 49%
c i 11.56 246 607 0 0 22 15 962 794 1.9 90 47 6 107 51% 267017 1222111 15225 49%
c - 11.76 247 583 0 1 22 14 1068 726 1.9 81 42 42 103 47% 266066 1218619 15225 49%
c } 11.76 247 583 1 1 22 14 1068 726 1.9 81 42 42 103 47% 266066 1218619 15225 49%
c [ 11.76 247 0 1 1 22 0 1068 726 0.0 0 0 2 6 0% 266066 1218619 15225 49%
c B 11.76 247 0 1 1 22 0 1068 726 0.0 0 0 2 6 0% 266066 1218619 15225 49%
c i 11.77 247 1518 1 1 22 139 1079 728 1.1 19 18 2 6 84% 266066 1218619 15216 49%
c - 12.23 247 1429 1 2 22 3 2071 1282 1.0 103 100 97 104 81% 265030 1218607 15216 49%
c
c seconds     switched rate       size/glue    tier1        binary            remaining
c         MB   reductions conflicts     size       tier2         irredundant
c           level  restarts  redundant      glue       trail             variables
c
c W 12.46 242 1429 1 2 22 3 2071 1282 1.0 103 100 97 104 81% 262607 1217429 15216 49%
c u 13.29 242 746 1 2 23 3 3121 1944 1.0 103 100 96 103 58% 262636 1217404 15216 49%
c v 13.43 242 746 1 2 23 3 3121 1937 1.0 103 100 96 103 58% 262636 1217404 15216 49%
c w 13.52 243 746 1 2 23 3 3121 1937 1.0 103 100 96 103 58% 262636 1217404 15216 49%
c x 13.65 246 746 1 2 23 3 3121 1937 1.0 103 100 96 103 58% 262700 1216936 15178 49%
c t 13.86 246 746 1 2 23 3 3121 1828 1.0 103 100 96 103 58% 262811 1200409 15178 49%
c u 14.91 240 746 1 2 23 3 3121 1824 1.0 103 100 96 103 58% 258419 1200409 15178 49%
c v 15.02 240 746 1 2 23 3 3121 1815 1.0 103 100 96 103 58% 258419 1200409 15178 49%
c w 15.11 241 746 1 2 23 3 3121 1814 1.0 103 100 96 103 58% 258419 1200409 15178 49%
c i 15.77 246 746 1 2 23 3 3121 1814 1.0 103 100 96 103 58% 258419 1200409 15178 49%
c ] 15.83 246 713 2 2 24 3 3229 1894 1.0 103 100 96 103 57% 258420 1200409 15178 49%
c { 15.83 246 583 2 2 24 14 3229 1894 1.9 81 42 42 103 47% 258420 1200409 15178 49%
c i 15.84 246 571 2 2 26 14 3255 1913 1.9 81 43 42 103 47% 258420 1200409 15177 49%
c - 15.95 246 476 2 3 29 12 3485 1898 1.9 79 41 40 91 44% 258304 1200409 15177 49%
c i 15.98 246 437 2 3 30 11 3611 2001 1.9 77 40 40 91 43% 258304 1200409 15176 49%
c i 15.98 246 437 2 3 30 11 3612 2001 1.9 77 40 40 91 43% 258304 1200409 15174 49%
c } 16.04 246 306 3 3 30 8 4229 2516 2.1 61 29 40 91 33% 258311 1200409 15174 49%
c [ 16.04 246 713 3 3 30 3 4229 2516 1.0 103 100 96 103 57% 258311 1200409 15174 49%
c I 16.10 246 685 3 3 30 3 4330 2583 1.0 103 99 96 103 56% 258312 1200408 15174 49%
c - 16.60 246 519 3 4 30 2 5217 2812 1.0 103 99 93 101 50% 257859 1200407 15174 49%
c
c seconds    switched rate       size/glue   tier1        binary            remaining
c         MB  reductions conflicts     size      tier2         irredundant
c           level restarts  redundant      glue      trail             variables
c
c ] 16.70 246 494 4 4 31 2 5414 2944 1.0 103 99 92 101 49% 257859 1200407 15174 49%
c { 16.70 246 306 4 4 31 8 5414 2944 2.1 61 29 40 91 33% 257859 1200407 15174 49%
c i 16.80 246 273 4 4 132 11 5798 3278 2.0 62 31 40 91 31% 257860 1200407 15173 49%
c i 16.80 246 272 4 4 134 11 5807 3280 2.0 62 31 40 91 31% 257862 1200407 15170 49%
c i 16.80 246 272 4 4 135 11 5808 3280 2.0 62 31 40 91 31% 257862 1200407 15169 49%
c i 16.80 246 271 4 4 135 11 5871 3331 2.0 61 30 40 91 31% 257866 1200406 15168 49%
c i 16.81 246 269 4 4 135 11 5933 3372 2.1 61 29 40 91 30% 257868 1200406 15167 49%
c i 16.90 246 264 4 4 153 12 6649 3871 2.0 56 28 40 91 25% 257870 1200406 15166 49%
c i 16.90 246 264 4 4 153 12 6652 3871 2.0 56 28 40 91 25% 257871 1200405 15165 49%
c i 17.04 246 262 4 4 175 13 7022 4193 2.1 58 27 40 91 27% 257877 1200403 15164 49%
c - 17.19 246 260 4 5 181 13 7218 3769 2.2 59 27 6 53 27% 256600 1200402 15164 49%
c i 17.21 247 261 4 5 188 15 7277 3824 2.2 58 27 6 53 27% 256600 1200402 15162 49%
c i 17.21 247 261 4 5 189 15 7279 3824 2.2 58 27 6 53 27% 256600 1200402 15160 49%
c i 17.21 247 261 4 5 190 15 7282 3824 2.2 58 27 6 53 27% 256600 1200402 15158 49%
c i 17.21 247 261 4 5 197 15 7300 3834 2.1 58 27 6 53 27% 256603 1200402 15157 49%
c i 17.22 247 260 4 5 201 15 7311 3841 2.1 58 27 6 53 27% 256604 1200402 15156 49%
c } 17.27 247 255 5 5 255 16 7768 4204 2.1 57 27 6 53 26% 256610 1200401 15156 49%
c [ 17.27 247 494 5 5 255 2 7768 4204 1.0 103 99 92 101 49% 256610 1200401 15156 49%
c B 17.34 247 484 5 5 255 3 8101 4526 1.1 102 92 92 101 49% 256610 1200401 15156 49%
c - 17.89 247 483 5 6 256 5 9456 5076 1.4 110 78 90 101 47% 255457 1200400 15156 49%
c
c seconds    switched  rate       size/glue   tier1        binary            remaining
c         MB  reductions conflicts      size      tier2         irredundant
c           level restarts   redundant      glue      trail             variables
c
c u 18.32 248 477 5 6 256 5 9590 5120 1.5 112 77 90 101 48% 255496 1192902 15156 49%
c v 18.50 248 477 5 6 256 5 9590 5113 1.5 112 77 90 101 48% 255496 1192902 15156 49%
c w 18.61 248 477 5 6 256 5 9590 5108 1.5 112 77 90 101 48% 255500 1192902 15156 49%
c t 18.81 248 477 5 6 256 5 9590 5108 1.5 112 77 90 101 48% 255494 1192902 15156 49%
c i 19.90 248 422 5 6 257 5 10503 5862 1.5 108 72 89 100 50% 255497 1192899 15155 49%
c o 19.95 248 422 5 6 257 5 10503 5862 1.5 108 72 89 100 50% 255497 1192899 15155 49%
c i 20.02 248 480 5 6 257 7 11027 6370 1.5 107 73 89 100 49% 255497 1192899 15154 49%
c ] 20.25 248 541 6 6 258 8 11898 7155 1.4 106 75 89 100 47% 255498 1192898 15153 49%
c { 20.25 248 255 6 6 258 16 11898 7155 2.1 57 27 6 53 26% 255498 1192898 15153 49%
c - 20.35 248 255 6 7 258 16 11905 6105 2.1 57 27 6 52 26% 255148 1192898 15153 49%
c i 20.40 248 256 6 7 265 16 12009 6196 2.1 57 27 6 52 26% 255148 1192898 15152 49%
c i 20.54 248 259 6 7 388 23 12321 6469 2.0 59 29 6 52 25% 255154 1192895 15151 49%
c i 20.57 248 260 6 7 428 25 12476 6598 2.0 60 30 6 52 24% 255156 1192894 15150 49%
c i 20.83 249 277 6 7 541 28 13233 7275 2.0 62 31 6 52 24% 255162 1192890 15148 49%
c i 20.83 249 277 6 7 542 28 13241 7282 2.0 62 31 6 52 24% 255162 1192890 15146 49%
c i 20.83 249 277 6 7 543 28 13243 7282 2.0 62 31 6 52 24% 255162 1192890 15144 49%
c i 20.84 249 277 6 7 548 29 13264 7301 2.0 62 31 6 52 24% 255162 1192890 15143 49%
c i 21.14 251 285 6 7 696 32 14545 8274 1.9 60 31 6 52 22% 255266 1192886 15142 49%
c - 21.25 251 285 6 8 697 32 14552 6955 1.9 61 31 7 53 22% 253898 1192886 15142 49%
c i 21.26 251 285 6 8 705 33 14570 6972 1.9 61 31 7 53 22% 253898 1192886 15141 49%
c
c seconds    switched   rate        size/glue  tier1      binary            remaining
c         MB  reductions  conflicts       size   tier2         irredundant
c           level restarts     redundant     glue    trail             variables
c
c i 21.32 251 291 6 8 707 32 14748 7137 2.0 62 31 7 53 22% 253898 1192886 15140 49%
c i 21.60 251 298 6 8 818 35 15440 7760 2.0 65 32 7 53 22% 253906 1192880 15139 49%
c 2 21.67 251 297 6 8 870 36 15595 7903 2.0 65 32 7 53 22% 253906 1192880 15127 49%
c e 22.03 256 297 6 8 870 36 15595 7903 2.0 65 32 7 53 22% 250822 1183671 14860 48%
c ^ 22.19 256 297 6 8 870 36 15595 7903 2.0 65 32 7 53 22% 250822 1183671 14860 48%
c i 22.41 256 295 6 8 974 38 15895 8075 2.0 66 33 7 53 22% 250824 1183671 14859 48%
c i 22.42 256 295 6 8 988 38 15929 8107 2.0 66 33 7 53 22% 250824 1183671 14858 48%
c } 22.43 256 295 7 8 989 38 16011 8176 2.0 66 33 7 53 22% 250825 1183670 14858 48%
c [ 22.43 256 541 7 8 989 8 16011 8176 1.4 106 75 89 100 47% 250825 1183670 14858 48%
c W 22.65 240 541 7 8 989 8 16011 8176 1.4 106 75 89 100 47% 250577 1183011 14858 48%
c - 24.09 240 484 7 9 990 8 17380 7530 1.6 111 69 79 99 48% 250641 1183003 14858 48%
c u 27.60 241 396 7 9 991 7 19624 9176 1.6 102 63 64 98 50% 250697 1182977 14857 48%
c v 27.82 241 396 7 9 991 7 19624 8953 1.6 102 63 64 98 50% 250697 1182977 14857 48%
c w 27.95 241 396 7 9 991 7 19624 8801 1.6 102 63 64 98 50% 250697 1182977 14857 48%
c t 28.26 244 396 7 9 991 7 19624 8800 1.6 102 63 64 98 50% 250690 1182656 14857 48%
c u 29.34 238 396 7 9 991 7 19624 8623 1.6 102 63 64 98 50% 250623 1182221 14856 48%
c v 29.62 238 396 7 9 991 7 19624 8569 1.6 102 63 64 98 50% 250623 1182221 14856 48%
c w 29.77 238 396 7 9 991 7 19624 8545 1.6 102 63 64 98 50% 250623 1182221 14856 48%
c i 30.36 239 396 7 9 991 7 19624 8545 1.6 102 63 64 98 50% 250623 1182221 14856 48%
c - 31.22 239 373 7 10 992 7 20380 7756 1.7 101 61 37 97 51% 250513 1182220 14856 48%
c
c seconds    switched   rate        size/glue  tier1       binary            remaining
c         MB   reductions conflicts       size    tier2         irredundant
c           level  restarts    redundant     glue     trail             variables
c
c ] 33.79 240 327 8 10 994 6 22567 9407 1.6 98 60 37 97 51% 250516 1182217 14856 48%
c { 33.79 240 295 8 10 994 38 22567 9407 2.0 66 33 7 53 22% 250516 1182217 14856 48%
c o 34.11 240 283 8 10 995 36 23022 9813 2.1 71 33 7 53 24% 250516 1182217 14856 48%
c - 34.40 240 292 8 11 1018 36 23542 8641 2.2 72 33 8 47 25% 250516 1182217 14856 48%
c i 34.43 240 285 8 11 1023 35 23903 8921 2.2 70 32 8 47 24% 250545 1182217 14855 48%
c i 34.44 240 285 8 11 1023 35 23908 8923 2.2 70 32 8 47 24% 250545 1182217 14854 48%
c i 34.44 240 285 8 11 1023 35 23921 8935 2.2 70 32 8 47 24% 250545 1182217 14853 48%
c i 34.44 240 285 8 11 1023 35 23923 8935 2.2 70 32 8 47 24% 250546 1182217 14852 48%
c i 34.45 240 286 8 11 1027 35 23971 8982 2.2 70 32 8 47 24% 250546 1182217 14851 48%
c i 34.82 240 281 8 11 1050 34 24408 9381 2.2 72 32 8 47 26% 250547 1182216 14850 48%
c i 34.82 240 281 8 11 1052 34 24416 9383 2.2 72 32 8 47 26% 250548 1182216 14849 48%
c i 34.82 240 281 8 11 1053 34 24419 9385 2.2 72 32 8 47 26% 250548 1182216 14848 48%
c i 35.65 240 266 8 11 1107 32 25514 10338 2.3 72 32 8 47 28% 250561 1182210 14847 48%
c i 35.65 240 265 8 11 1108 32 25522 10339 2.3 72 32 8 47 28% 250563 1182209 14846 48%
c - 36.03 241 252 8 12 1164 30 26858 9469 2.3 71 31 9 43 27% 249198 1182208 14846 48%
c i 36.05 241 251 8 12 1174 30 26933 9524 2.3 71 31 9 43 27% 249199 1182208 14845 48%
c i 36.05 241 251 8 12 1176 30 26995 9584 2.3 71 31 9 43 27% 249200 1182208 14844 48%
c i 36.06 241 251 8 12 1176 30 27001 9581 2.3 71 31 9 43 27% 249201 1182208 14843 48%
c i 36.08 241 250 8 12 1187 30 27106 9671 2.2 71 31 9 43 27% 249201 1182208 14842 48%
c i 36.39 241 255 8 12 1211 29 27681 10198 2.4 74 32 9 43 28% 249205 1182207 14841 48%
c
c seconds    switched     rate         size/glue  tier1      binary            remaining
c         MB   reductions   conflicts        size   tier2         irredundant
c           level   restarts      redundant     glue    trail             variables
c
c i 36.49 241 253 8 12 1234 29 28091 10544 2.4 75 32 9 43 28% 249210 1182207 14840 48%
c i 36.49 241 253 8 12 1234 29 28095 10547 2.4 75 32 9 43 28% 249210 1182207 14839 48%
c i 36.56 241 253 8 12 1259 29 28271 10695 2.4 75 32 9 43 28% 249219 1182206 14838 48%
c i 36.56 241 253 8 12 1259 29 28275 10695 2.4 75 32 9 43 28% 249222 1182206 14837 48%
c } 36.74 241 253 9 12 1284 29 28726 11117 2.4 77 32 9 43 29% 249224 1182206 14837 48%
c [ 36.74 241 327 9 12 1284 6 28726 11117 1.6 98 60 37 97 51% 249224 1182206 14837 48%
c O 36.74 241 327 9 12 1284 6 28726 11117 1.6 98 60 37 97 51% 249224 1182206 14837 48%
c - 38.92 241 299 9 13 1285 6 30324 10296 1.7 95 57 29 96 52% 247850 1182205 14837 48%
c 2 39.81 242 286 9 13 1286 6 31105 10965 1.7 95 55 29 96 52% 247851 1182204 14834 48%
c e 40.14 250 286 9 13 1286 6 31105 10965 1.7 95 55 29 96 52% 247168 1176105 14776 48%
c 2 40.14 250 286 9 13 1286 6 31105 10965 1.7 95 55 29 96 52% 247167 1176105 14776 48%
c ^ 40.30 251 286 9 13 1286 6 31105 10965 1.7 95 55 29 96 52% 247167 1176105 14776 48%
c u 43.51 252 254 9 13 1287 6 33426 12596 1.8 94 52 29 96 53% 247304 1176068 14776 48%
c v 43.83 252 254 9 13 1287 6 33426 12340 1.8 94 52 29 96 53% 247304 1176068 14776 48%
c w 43.97 252 254 9 13 1287 6 33426 12052 1.8 94 52 29 96 53% 247304 1176068 14776 48%
c t 44.17 252 254 9 13 1287 6 33426 12052 1.8 94 52 29 96 53% 247302 1176068 14776 48%
c ] 44.60 252 252 10 13 1287 6 33676 12270 1.8 93 52 29 96 53% 247302 1176068 14776 48%
c { 44.60 252 253 10 13 1287 29 33676 12270 2.4 77 32 9 43 29% 247302 1176068 14776 48%
c - 44.78 252 250 10 14 1316 28 33930 10586 2.4 77 32 9 42 29% 247305 1176068 14776 48%
c i 44.97 252 249 10 14 1343 28 34528 11080 2.4 77 32 9 42 29% 247308 1176067 14775 48%
c
c seconds     switched     rate         size/glue  tier1      binary            remaining
c         MB    reductions   conflicts        size   tier2         irredundant
c           level    restarts      redundant     glue    trail             variables
c
c i 46.11 253 245 10 14 1479 27 37033 13349 2.6 83 32 9 42 32% 247323 1176059 14774 48%
c i 46.22 253 245 10 14 1512 27 37168 13457 2.6 83 32 9 42 32% 247327 1176058 14773 48%
c i 46.22 253 245 10 14 1512 27 37169 13457 2.6 83 32 9 42 32% 247327 1176058 14772 48%
c - 46.58 253 244 10 15 1515 26 37672 12077 2.7 86 32 10 39 33% 246864 1176057 14772 48%
c i 46.98 253 245 10 15 1544 25 38560 12893 2.9 90 32 10 39 34% 246867 1176056 14771 48%
c i 46.98 253 245 10 15 1544 25 38567 12896 2.9 90 32 10 39 34% 246868 1176056 14770 48%
c i 46.99 253 245 10 15 1547 25 38587 12909 2.9 90 32 10 39 34% 246871 1176056 14769 48%
c i 47.10 253 240 10 15 1588 25 39207 13367 2.8 88 31 10 39 33% 246874 1176056 14768 48%
c i 47.10 253 240 10 15 1589 25 39208 13367 2.8 88 31 10 39 33% 246874 1176056 14767 48%
c i 47.13 253 240 10 15 1601 25 39271 13419 2.8 88 31 10 39 33% 246876 1176056 14766 48%
c i 47.59 253 240 10 15 1685 25 40622 14537 2.8 89 31 10 39 33% 246886 1176053 14765 48%
c - 48.32 253 239 10 16 1730 24 41544 12664 2.8 90 31 10 37 34% 245885 1176052 14765 48%
c i 48.75 254 237 10 16 1809 24 42302 13289 2.8 90 32 10 37 34% 245898 1176047 14764 48%
c i 48.75 254 237 10 16 1809 24 42304 13290 2.8 90 32 10 37 34% 245898 1176047 14763 48%
c } 48.75 254 237 11 16 1809 24 42304 13290 2.8 90 32 10 37 34% 245898 1176047 14763 48%
c [ 48.75 254 252 11 16 1809 6 42304 13290 1.8 93 52 29 96 53% 245898 1176047 14763 48%
c B 48.75 254 252 11 16 1809 6 42304 13290 1.8 93 52 29 96 53% 245898 1176047 14763 48%
c - 52.79 254 221 11 17 1811 5 45544 13194 1.8 88 49 23 93 53% 245576 1176044 14763 48%
c - 57.87 254 193 11 18 1814 5 49668 13807 1.8 86 47 21 92 53% 245583 1176039 14763 48%
c ] 58.17 254 192 12 18 1814 5 49980 14063 1.8 86 47 21 92 53% 245583 1176039 14763 48%
c
c seconds     switched     rate         size/glue  tier1       binary            remaining
c         MB    reductions   conflicts        size    tier2         irredundant
c           level    restarts      redundant     glue     trail             variables
c
c { 58.17 254 237 12 18 1814 24 49980 14063 2.8 90 32 10 37 34% 245583 1176039 14763 48%
c o 58.36 254 236 12 18 1815 24 50115 14163 2.8 89 32 10 37 34% 245583 1176039 14763 48%
c i 58.38 254 236 12 18 1818 24 50129 14173 2.8 89 32 10 37 34% 245585 1176039 14762 48%
c i 58.46 254 235 12 18 1821 24 50440 14423 2.8 89 31 10 37 34% 245585 1176039 14760 48%
c i 58.53 254 234 12 18 1837 24 50655 14580 2.8 88 31 10 37 33% 245595 1176039 14759 48%
c d 59.47 254 240 12 18 1842 24 51182 15002 2.8 88 31 10 37 34% 245620 1171196 14758 48%
c b 59.57 254 240 12 18 1842 24 51182 15002 2.8 88 31 10 37 34% 245620 1171196 14757 48%
c u 59.74 254 240 12 18 1842 24 51182 14838 2.8 88 31 10 37 34% 245718 1171196 14757 48%
c v 60.02 255 240 12 18 1842 24 51182 13287 2.8 88 31 10 37 34% 245718 1171196 14757 48%
c w 60.17 255 240 12 18 1842 24 51182 12588 2.8 88 31 10 37 34% 245718 1171196 14757 48%
c x 60.32 257 240 12 18 1842 24 51182 12588 2.8 88 31 10 37 34% 245720 1171167 14757 48%
c t 60.51 257 240 12 18 1842 24 51182 12588 2.8 88 31 10 37 34% 245683 1171167 14757 48%
c b 60.56 257 240 12 18 1842 24 51182 12588 2.8 88 31 10 37 34% 245683 1171167 14753 48%
c b 61.00 257 240 12 18 1842 24 51182 12567 2.8 88 31 10 37 34% 245687 1169743 14749 48%
c u 61.18 257 240 12 18 1842 24 51182 12308 2.8 88 31 10 37 34% 245876 1169743 14749 48%
c v 61.59 258 240 12 18 1842 24 51182 12204 2.8 88 31 10 37 34% 245876 1169743 14749 48%
c w 61.73 258 240 12 18 1842 24 51182 12127 2.8 88 31 10 37 34% 245876 1169743 14749 48%
c i 62.13 258 240 12 18 1845 24 51195 12136 2.8 88 31 10 37 34% 245882 1168710 14748 48%
c i 62.24 258 238 12 18 1869 24 51574 12414 2.8 87 31 10 37 34% 245886 1168710 14747 48%
c i 62.36 258 235 12 18 1923 24 52133 12831 2.7 86 31 10 37 33% 245896 1168708 14746 48%
c
c seconds     switched     rate         size/glue  tier1       binary            remaining
c         MB    reductions   conflicts        size    tier2         irredundant
c           level    restarts      redundant     glue     trail             variables
c
c i 62.36 258 235 12 18 1923 24 52137 12832 2.7 86 31 10 37 33% 245896 1168708 14745 48%
c i 62.38 258 235 12 18 1929 24 52193 12878 2.7 86 31 10 37 33% 245896 1168708 14744 48%
c i 62.86 258 232 12 18 2034 23 53638 14111 2.7 86 31 10 37 33% 245914 1168706 14743 48%
c - 63.16 258 232 12 19 2043 23 53910 12659 2.8 86 31 10 35 33% 243205 1168704 14743 48%
c i 63.82 258 231 12 19 2101 23 55289 13862 2.8 87 31 10 35 33% 243215 1168703 14742 48%
c i 64.79 258 225 12 19 2311 23 57423 15619 2.8 87 31 10 35 33% 243240 1168698 14741 48%
c i 64.79 258 225 12 19 2311 23 57424 15619 2.8 87 31 10 35 33% 243240 1168698 14740 48%
c i 64.94 258 223 12 19 2351 23 57925 16017 2.7 86 31 10 35 33% 243246 1168697 14739 48%
c i 64.94 258 223 12 19 2351 23 57927 16017 2.7 86 31 10 35 33% 243247 1168697 14738 48%
c - 65.46 258 223 12 20 2360 23 58268 13341 2.7 86 31 9 34 33% 242577 1168697 14738 48%
c i 65.65 258 223 12 20 2382 23 58480 13539 2.7 86 31 9 34 33% 242577 1168697 14737 48%
c i 66.30 258 224 12 20 2453 23 59407 14348 2.7 86 32 9 34 34% 242587 1168695 14736 48%
c i 66.30 258 224 12 20 2453 23 59408 14348 2.7 86 32 9 34 34% 242587 1168695 14735 48%
c i 66.48 258 223 12 20 2507 23 59859 14740 2.7 86 32 9 34 34% 242592 1168695 14734 48%
c i 66.58 258 223 12 20 2557 23 60071 14918 2.7 86 32 9 34 34% 242600 1168693 14732 48%
c i 67.32 259 223 12 20 2687 23 61206 15901 2.7 87 32 9 34 34% 242608 1168690 14730 48%
c } 67.41 259 223 13 20 2701 23 61462 16119 2.7 87 32 9 34 34% 242611 1168689 14730 48%
c [ 67.41 259 192 13 20 2701 5 61462 16119 1.8 86 47 21 92 53% 242611 1168689 14730 48%
c W 67.65 266 192 13 20 2701 5 61462 16119 1.8 86 47 21 92 53% 241694 1162091 14730 48%
c - 69.21 266 185 13 21 2702 5 62747 14719 1.9 86 46 21 91 53% 241695 1162091 14730 48%
c
c seconds     switched    rate         size/glue  tier1       binary            remaining
c         MB    reductions  conflicts        size    tier2         irredundant
c           level    restarts     redundant     glue     trail             variables
c
c 2 71.99 266 176 13 21 2703 5 64694 16173 1.9 85 46 21 91 54% 241696 1162090 14719 48%
c e 72.62 267 176 13 21 2703 5 64694 16173 1.9 85 46 21 91 54% 239697 1160370 14578 47%
c 2 72.62 267 176 13 21 2703 5 64694 16173 1.9 85 46 21 91 54% 239696 1160370 14578 47%
c ^ 72.94 267 176 13 21 2703 5 64694 16173 1.9 85 46 21 91 54% 239696 1160370 14578 47%
c - 77.82 267 166 13 22 2705 5 67329 14816 1.9 83 45 21 88 54% 239692 1160370 14578 47%
c - 85.27 268 152 13 23 2707 5 72019 15854 1.9 82 44 20 85 54% 239693 1160369 14578 47%
c u 87.64 267 150 13 23 2707 5 73009 16406 1.9 83 44 20 85 55% 239855 1160336 14577 47%
c v 87.95 269 150 13 23 2707 5 73009 15921 1.9 83 44 20 85 55% 239867 1160336 14577 47%
c w 88.18 269 150 13 23 2707 5 73009 14999 1.9 83 44 20 85 55% 239867 1160336 14577 47%
c = 90.00 270 150 13 23 2707 5 73009 14999 1.9 83 44 20 85 55% 239867 1160233 14576 47%
c t 90.21 270 150 13 23 2707 5 73009 14975 1.9 83 44 20 85 55% 239860 1160005 14576 47%
c b 90.26 270 150 13 23 2707 5 73009 14975 1.9 83 44 20 85 55% 239860 1160005 14575 47%
c u 90.89 271 150 13 23 2707 5 73009 14683 1.9 83 44 20 85 55% 239919 1159784 14567 47%
c v 91.19 272 150 13 23 2707 5 73009 14595 1.9 83 44 20 85 55% 239939 1159784 14567 47%
c w 91.41 272 150 13 23 2707 5 73009 14517 1.9 83 44 20 85 55% 239938 1159784 14567 47%
c i 91.88 272 150 13 23 2707 5 73009 14461 1.9 83 44 20 85 55% 239948 1156463 14567 47%
c ] 96.58 272 142 14 23 2710 4 76070 16744 1.9 81 43 20 85 55% 239950 1156462 14567 47%
c { 96.58 272 223 14 23 2710 23 76070 16744 2.7 87 32 9 34 34% 239950 1156462 14567 47%
c - 96.89 248 219 14 24 2773 23 76815 15576 2.7 86 32 9 34 34% 238310 1156461 14567 47%
c i 97.45 249 217 14 24 2857 23 78128 16677 2.7 86 32 9 34 34% 238327 1156455 14566 47%
c
c seconds     switched     rate         size/glue  tier1      binary            remaining
c         MB    reductions   conflicts        size   tier2         irredundant
c           level    restarts      redundant     glue    trail             variables
c
c i 97.56 249 217 14 24 2888 23 78287 16820 2.7 86 32 9 34 34% 238329 1156454 14565 47%
c i 98.33 249 216 14 24 2962 23 79508 17905 2.7 86 32 9 34 34% 238340 1156451 14564 47%
c i 98.33 249 216 14 24 2962 23 79511 17907 2.7 86 32 9 34 34% 238340 1156451 14563 47%
c i 98.33 249 216 14 24 2964 23 79515 17910 2.7 86 32 9 34 34% 238340 1156451 14562 47%
c i 98.35 249 215 14 24 2971 23 79548 17937 2.7 86 32 9 34 34% 238341 1156451 14561 47%
c o 98.96 249 215 14 24 3004 23 80176 18474 2.7 86 32 9 34 35% 238345 1156450 14561 47%
c i 99.62 249 214 14 24 3060 22 81600 19683 2.7 87 32 9 34 35% 238357 1156449 14560 47%
c - 99.95 250 214 14 25 3060 22 81717 16616 2.7 87 32 9 33 35% 237553 1156448 14560 47%
c i 100.33 250 211 14 25 3116 22 82964 17584 2.7 86 32 9 33 34% 237567 1156444 14559 47%
c i 100.38 250 212 14 25 3126 22 83044 17660 2.7 86 32 9 33 34% 237567 1156444 14558 47%
c i 100.54 250 212 14 25 3138 22 83470 18067 2.7 87 32 9 33 35% 237567 1156444 14557 47%
c i 100.95 250 207 14 25 3294 21 85489 19663 2.7 85 32 9 33 34% 237579 1156441 14556 47%
c - 102.30 251 206 14 26 3310 21 86718 16155 2.7 85 32 9 33 34% 237017 1156433 14556 47%
c i 102.82 251 204 14 26 3475 21 87844 17098 2.7 85 32 9 33 34% 237027 1156429 14555 47%
c i 103.28 251 202 14 26 3584 21 89377 18249 2.6 84 32 9 33 34% 237036 1156427 14554 47%
c i 103.49 251 200 14 26 3669 21 90082 18804 2.6 83 32 9 33 33% 237040 1156427 14553 47%
c } 103.82 251 203 15 26 3720 21 90785 19458 2.7 84 32 9 33 34% 237042 1156426 14553 47%
c [ 103.82 251 142 15 26 3720 4 90785 19458 1.9 81 43 20 85 55% 237042 1156426 14553 47%
c I 103.82 251 142 15 26 3720 4 90785 19458 1.9 81 43 20 85 55% 237042 1156426 14553 47%
c - 104.42 252 173 15 27 3720 4 91817 16836 1.9 84 43 19 81 55% 236593 1156424 14553 47%
c
c seconds      switched    rate         size/glue  tier1       binary            remaining
c          MB    reductions  conflicts        size    tier2         irredundant
c            level    restarts     redundant     glue     trail             variables
c
c - 111.82 253 160 15 28 3725 4 97014 17941 2.0 83 43 20 72 56% 236598 1156419 14553 47%
c b 115.26 253 156 15 28 3725 4 99029 19628 2.0 84 43 20 72 57% 236613 1152069 14551 47%
c u 115.47 253 156 15 28 3725 4 99029 19424 2.0 84 43 20 72 57% 236628 1152069 14531 47%
c v 115.78 253 156 15 28 3725 4 99029 19365 2.0 84 43 20 72 57% 236639 1152069 14530 47%
c w 115.97 254 156 15 28 3725 4 99029 19262 2.0 84 43 20 72 57% 236639 1152069 14530 47%
c t 116.77 259 156 15 28 3725 4 99029 19158 2.0 84 43 20 72 57% 236666 1146677 14530 47%
c b 116.83 259 156 15 28 3725 4 99029 19158 2.0 84 43 20 72 57% 236666 1146677 14525 47%
c u 117.56 259 156 15 28 3725 4 99029 18951 2.0 84 43 20 72 57% 236713 1145714 14520 47%
c v 118.30 259 156 15 28 3725 4 99029 18400 2.0 84 43 20 72 57% 236713 1145714 14519 47%
c w 118.57 259 156 15 28 3725 4 99029 18097 2.0 84 43 20 72 57% 236713 1145714 14519 47%
c b 118.86 259 156 15 28 3725 4 99029 18075 2.0 84 43 20 72 57% 236721 1144637 14517 47%
c i 119.02 259 156 15 28 3725 4 99029 18075 2.0 84 43 20 72 57% 236721 1144637 14517 47%
c - 124.63 259 150 15 29 3726 4 102306 17309 1.9 84 43 21 69 57% 231944 1144634 14517 47%
c ] 128.76 259 148 16 29 3729 4 105395 19777 1.9 85 45 21 69 57% 231946 1144632 14517 47%
c { 128.76 259 203 16 29 3729 21 105395 19777 2.7 84 32 9 33 34% 231946 1144632 14517 47%
c - 130.12 260 202 16 30 3947 21 107691 18285 2.7 86 32 9 33 34% 231965 1144627 14517 47%
c i 130.65 260 200 16 30 4050 21 108832 19205 2.7 85 32 9 33 34% 231973 1144622 14516 47%
c i 132.78 260 196 16 30 4208 21 111849 21891 2.8 89 32 9 33 35% 231988 1144615 14515 47%
c - 133.54 260 194 16 31 4306 21 113168 19037 2.8 88 32 9 33 35% 231779 1144611 14515 47%
c i 133.74 260 193 16 31 4348 21 113785 19508 2.7 87 32 9 33 34% 231785 1144609 14514 47%
c
c seconds      switched     rate          size/glue  tier1      binary            remaining
c          MB    reductions   conflicts         size   tier2         irredundant
c            level    restarts       redundant     glue    trail             variables
c
c 2 135.90 261 188 16 31 4882 21 118665 23622 2.7 87 32 9 33 34% 231810 1144598 14507 47%
c e 136.66 267 188 16 31 4882 21 118665 23622 2.7 87 32 9 33 34% 230018 1141804 14260 46%
c ^ 136.96 269 188 16 31 4882 21 118665 23622 2.7 87 32 9 33 34% 230020 1141802 14260 46%
c - 137.28 269 188 16 32 4882 20 118735 18885 2.7 87 32 9 33 34% 230024 1141802 14260 46%
c o 138.34 269 187 16 32 4949 20 120180 20140 2.7 87 32 9 33 34% 230029 1141799 14260 46%
c i 138.90 269 187 16 32 4968 20 120799 20676 2.7 87 32 9 33 35% 230036 1141795 14259 46%
c } 140.56 270 185 17 32 5259 20 123735 23162 2.7 88 32 9 33 35% 230066 1141784 14259 46%
c [ 140.56 270 148 17 32 5259 4 123735 23162 1.9 85 45 21 69 57% 230066 1141784 14259 46%
c B 140.56 270 148 17 32 5259 4 123735 23162 1.9 85 45 21 69 57% 230066 1141784 14259 46%
c - 141.17 270 162 17 33 5259 4 124399 20358 2.0 89 45 21 72 57% 229963 1141784 14259 46%
c u 149.46 271 173 17 33 5263 4 129387 24475 1.9 95 49 21 72 58% 230024 1141620 14259 46%
c v 150.34 271 173 17 33 5263 4 129387 24453 1.9 95 49 21 72 58% 230024 1141620 14259 46%
c w 150.70 272 173 17 33 5263 4 129387 24425 1.9 95 49 21 72 58% 230024 1141620 14259 46%
c t 150.90 272 173 17 33 5263 4 129387 24425 1.9 95 49 21 72 58% 229995 1141620 14259 46%
c - 153.01 272 171 17 34 5264 4 130143 21151 1.9 94 48 22 71 58% 229996 1141619 14259 46%
c - 164.54 272 160 17 35 5265 4 135973 21500 1.9 94 49 22 69 58% 230015 1141600 14259 46%
c ] 169.88 272 154 18 35 5268 4 138840 23815 1.9 92 48 22 69 59% 230023 1141592 14259 46%
c { 169.88 272 185 18 35 5268 20 138840 23815 2.7 88 32 9 33 35% 230023 1141592 14259 46%
c - 175.04 272 175 18 36 5269 19 141889 22837 2.7 86 32 9 32 36% 230030 1141585 14259 46%
c - 186.38 273 159 18 37 5269 17 147889 24854 2.7 83 31 13 30 39% 230035 1141580 14259 46%
c
c seconds      switched     rate          size/glue  tier1       binary            remaining
c          MB    reductions   conflicts         size    tier2         irredundant
c            level    restarts       redundant     glue     trail             variables
c
c - 199.33 273 145 18 38 5269 16 153971 25881 2.6 79 30 17 29 42% 230039 1141576 14259 46%
c - 213.28 273 133 18 39 5269 14 160135 27032 2.6 76 29 19 27 44% 230040 1141575 14259 46%
c } 215.28 273 131 19 39 5269 14 161185 27891 2.6 76 29 19 27 44% 230040 1141575 14259 46%
c [ 215.28 273 154 19 39 5269 4 161185 27891 1.9 92 48 22 69 59% 230040 1141575 14259 46%
c W 215.51 251 154 19 39 5269 4 161185 27891 1.9 92 48 22 69 59% 230040 1141575 14259 46%
c u 222.05 251 149 19 39 5271 4 164188 30278 1.9 92 47 22 69 59% 230225 1141575 14259 46%
c v 222.80 255 149 19 39 5271 4 164188 26241 1.9 92 47 22 69 59% 230225 1141575 14259 46%
c w 223.19 256 149 19 39 5271 4 164188 26116 1.9 92 47 22 69 59% 230225 1141575 14259 46%
c t 224.22 256 149 19 39 5271 4 164188 26116 1.9 92 47 22 69 59% 230182 1141575 14259 46%
c - 228.91 257 146 19 40 5273 4 166381 25200 1.9 91 47 22 64 59% 230183 1141574 14259 46%
c - 241.97 257 141 19 41 5275 4 172705 26002 1.9 90 48 22 63 59% 230184 1141573 14259 46%
c - 256.72 258 135 19 42 5280 3 179110 25514 1.8 88 49 22 62 59% 230190 1141567 14259 46%
c ] 258.80 258 134 20 42 5281 3 179936 26159 1.8 88 49 22 62 59% 230190 1141567 14259 46%
c { 258.80 258 131 20 42 5281 14 179936 26159 2.6 76 29 19 27 44% 230190 1141567 14259 46%
c o 259.39 258 131 20 42 5286 14 180197 26390 2.6 76 29 19 27 45% 230190 1141567 14259 46%
c i 259.51 258 131 20 42 5308 14 180278 26465 2.6 76 29 19 27 45% 230190 1141567 14258 46%
c i 259.59 258 131 20 42 5326 14 180363 26532 2.6 76 29 19 27 45% 230192 1141566 14257 46%
c i 259.70 258 131 20 42 5331 14 180552 26672 2.6 76 29 19 27 45% 230197 1141564 14256 46%
c i 260.55 259 132 20 42 5502 14 182196 28065 2.6 76 29 19 27 44% 230215 1141557 14255 46%
c i 260.96 259 133 20 42 5562 14 183006 28723 2.6 76 30 19 27 44% 230229 1141555 14253 46%
c
c seconds      switched     rate          size/glue  tier1       binary            remaining
c          MB    reductions   conflicts         size    tier2         irredundant
c            level    restarts       redundant     glue     trail             variables
c
c i 261.03 259 133 20 42 5579 14 183083 28787 2.6 76 30 19 27 44% 230230 1141555 14252 46%
c i 261.26 259 132 20 42 5663 14 184085 29500 2.6 76 30 19 27 43% 230248 1141555 14251 46%
c - 262.39 260 133 20 43 5916 15 185590 25476 2.5 75 30 19 27 43% 229138 1141550 14251 46%
c i 263.45 261 133 20 43 6264 15 188638 27980 2.5 75 30 19 27 42% 229163 1141547 14250 46%
c i 263.73 261 132 20 43 6354 15 189711 28783 2.5 75 30 19 27 41% 229169 1141545 14249 46%
c i 264.34 261 134 20 43 6479 15 190971 29909 2.5 76 30 19 27 41% 229182 1141542 14248 46%
c i 264.51 261 134 20 43 6502 15 191408 30225 2.5 76 30 19 27 41% 229184 1141542 14247 46%
c - 264.76 261 133 20 44 6584 15 192149 25284 2.5 75 30 18 27 41% 228772 1141541 14247 46%
c i 264.80 261 133 20 44 6593 15 192358 25413 2.5 75 30 18 27 41% 228777 1141541 14246 46%
c i 264.95 261 133 20 44 6625 15 192497 25535 2.5 75 30 18 27 41% 228778 1141541 14245 46%
c 2 266.73 262 134 20 44 6897 16 195130 27846 2.5 76 30 18 27 41% 228791 1141537 14240 46%
c s 267.06 270 134 20 44 6897 16 195130 27846 2.5 76 30 18 27 41% 228793 1134755 14240 46%
c e 267.96 271 134 20 44 6897 16 195130 27846 2.5 76 30 18 27 41% 226013 1133501 14044 45%
c 2 267.96 271 134 20 44 6897 16 195130 27846 2.5 76 30 18 27 41% 226000 1133501 14044 45%
c ^ 268.52 272 134 20 44 6897 16 195130 27846 2.5 76 30 18 27 41% 226006 1133495 14044 45%
c - 270.99 274 132 20 45 7461 16 198782 24944 2.4 75 31 17 27 39% 225971 1133493 14044 45%
c i 272.10 274 133 20 45 7696 16 201281 27069 2.4 75 31 17 27 39% 225988 1133490 14043 45%
c u 274.84 275 132 20 45 7839 16 203578 26854 2.5 77 31 17 27 39% 226069 1132698 14043 45%
c v 275.54 275 132 20 45 7839 16 203578 26847 2.5 77 31 17 27 39% 226066 1132698 14043 45%
c w 275.88 275 132 20 45 7839 16 203578 26846 2.5 77 31 17 27 39% 226066 1132698 14043 45%
c
c seconds      switched     rate          size/glue  tier1       binary            remaining
c          MB    reductions   conflicts         size    tier2         irredundant
c            level    restarts       redundant     glue     trail             variables
c
c t 276.09 275 132 20 45 7839 16 203578 26846 2.5 77 31 17 27 39% 226021 1132698 14043 45%
c b 276.21 275 132 20 45 7839 16 203578 26846 2.5 77 31 17 27 39% 226021 1132698 14042 45%
c u 277.26 276 132 20 45 7839 16 203578 26348 2.5 77 31 17 27 39% 226119 1132607 14042 45%
c v 277.82 276 132 20 45 7839 16 203578 26340 2.5 77 31 17 27 39% 226119 1132607 14042 45%
c w 278.08 276 132 20 45 7839 16 203578 26338 2.5 77 31 17 27 39% 226119 1132607 14042 45%
c x 278.28 276 132 20 45 7839 16 203578 26338 2.5 77 31 17 27 39% 226232 1132447 14032 45%
c t 278.53 276 132 20 45 7839 16 203578 26281 2.5 77 31 17 27 39% 226235 1131496 14032 45%
c i 278.86 276 132 20 45 7839 16 203578 26281 2.5 77 31 17 27 39% 226235 1131496 14032 45%
c - 279.68 277 133 20 46 8085 16 205490 24595 2.5 77 31 17 27 38% 225053 1131489 14032 45%
c } 280.50 277 133 21 46 8218 16 206679 25594 2.5 77 31 17 27 38% 225062 1131485 14032 45%
c [ 280.50 277 134 21 46 8218 3 206679 25594 1.8 88 49 22 62 59% 225062 1131485 14032 45%
c O 280.50 277 134 21 46 8218 3 206679 25594 1.8 88 49 22 62 59% 225062 1131485 14032 45%
c - 290.98 277 129 21 47 8222 3 212272 26581 1.8 87 49 22 62 59% 225065 1131482 14032 45%
c - 305.25 277 124 21 48 8225 3 219127 27897 1.7 85 49 22 61 59% 225071 1131476 14032 45%
c - 320.03 278 118 21 49 8230 3 226055 29332 1.7 84 49 22 59 59% 225075 1131472 14032 45%
c ] 323.67 278 117 22 49 8231 3 227559 30514 1.7 84 49 22 59 59% 225076 1131471 14032 45%
c { 323.67 278 133 22 49 8231 16 227559 30514 2.5 77 31 17 27 38% 225076 1131471 14032 45%
c i 324.22 278 136 22 49 8395 17 228257 31118 2.5 77 31 17 27 38% 225082 1131468 14031 45%
c i 324.30 278 136 22 49 8420 17 228350 31201 2.5 77 31 17 27 38% 225085 1131467 14030 45%
c i 325.05 278 138 22 49 8700 18 229497 32238 2.4 78 32 17 27 38% 225090 1131466 14029 45%
c
c seconds      switched     rate          size/glue  tier1       binary            remaining
c          MB    reductions   conflicts         size    tier2         irredundant
c            level    restarts       redundant     glue     trail             variables
c
c i 325.97 279 141 22 49 9017 19 230813 33394 2.4 78 33 17 27 37% 225101 1131458 14028 45%
c i 326.77 279 143 22 49 9264 20 231882 34366 2.4 78 33 17 27 37% 225108 1131456 14027 45%
c - 327.95 280 146 22 50 9551 21 233057 29794 2.3 79 34 16 27 37% 224564 1131447 14027 45%
c i 329.24 280 151 22 50 9981 23 234891 31448 2.3 79 35 16 27 36% 224580 1131442 14026 45%
c i 330.54 281 155 22 50 10350 24 236826 33150 2.2 80 36 16 27 36% 224596 1131433 14022 45%
c i 330.94 281 156 22 50 10453 24 237340 33612 2.2 80 36 16 27 35% 224598 1131432 14018 45%
c i 331.12 281 157 22 50 10496 25 237569 33821 2.2 80 36 16 27 35% 224598 1131432 14017 45%
c - 333.48 282 162 22 51 10969 26 240130 28539 2.2 81 37 15 28 35% 223527 1131424 14017 45%
c o 333.55 282 162 22 51 10983 26 240206 28608 2.2 81 37 15 28 35% 223527 1131424 14017 45%
c i 334.51 282 164 22 51 11188 27 241317 29591 2.2 82 38 15 28 34% 223530 1131422 14016 45%
c i 335.14 282 165 22 51 11325 27 242027 30188 2.1 82 38 15 28 34% 223539 1131420 14015 45%
c i 335.21 282 165 22 51 11332 27 242069 30219 2.1 82 38 15 28 34% 223539 1131420 14014 45%
c i 336.12 282 167 22 51 11534 28 243068 31110 2.1 82 39 15 28 34% 223542 1131419 14013 45%
c i 337.60 282 170 22 51 11878 29 244787 32626 2.1 83 39 15 28 34% 223555 1131412 14012 45%
c i 337.95 282 171 22 51 11958 29 245183 32991 2.1 83 40 15 28 34% 223559 1131411 14002 45%
c i 337.98 282 171 22 51 11964 29 245222 33017 2.1 83 40 15 28 34% 223562 1131411 13973 45%
c - 339.96 283 175 22 52 12359 30 247271 27856 2.1 84 41 14 28 33% 216747 1131406 13973 45%
c d 340.56 283 176 22 52 12431 30 247618 28156 2.1 84 41 14 28 33% 216790 1122694 13972 45%
c b 340.87 283 176 22 52 12431 30 247618 28156 2.1 84 41 14 28 33% 216790 1122694 13966 45%
c u 341.79 283 176 22 52 12431 30 247618 27301 2.1 84 41 14 28 33% 216988 1122694 13964 45%
c
c seconds      switched      rate          size/glue  tier1       binary            remaining
c          MB    reductions    conflicts         size    tier2         irredundant
c            level    restarts        redundant     glue     trail             variables
c
c v 342.63 283 176 22 52 12431 30 247618 27170 2.1 84 41 14 28 33% 217001 1122694 13963 45%
c w 343.07 283 176 22 52 12431 30 247618 27162 2.1 84 41 14 28 33% 217003 1122694 13963 45%
c t 343.32 283 176 22 52 12431 30 247618 26996 2.1 84 41 14 28 33% 216948 1119415 13963 45%
c b 343.46 283 176 22 52 12431 30 247618 26996 2.1 84 41 14 28 33% 216948 1119415 13962 45%
c f 343.67 283 176 22 52 12431 30 247618 26996 2.1 84 41 14 28 33% 213131 1119415 13963 45%
c u 344.89 284 176 22 52 12431 30 247618 26214 2.1 84 41 14 28 33% 213403 1118949 13963 45%
c v 345.67 284 176 22 52 12431 30 247618 26047 2.1 84 41 14 28 33% 213464 1118949 13963 45%
c w 346.00 284 176 22 52 12431 30 247618 26034 2.1 84 41 14 28 33% 213465 1118949 13963 45%
c f 347.90 284 176 22 52 12431 30 247618 26034 2.1 84 41 14 28 33% 213357 1118949 13964 45%
c i 347.96 284 176 22 52 12431 30 247618 26034 2.1 84 41 14 28 33% 213357 1118949 13964 45%
c i 350.34 284 180 22 52 12987 32 250468 28580 2.0 85 42 14 28 33% 213371 1118944 13954 45%
c i 350.34 284 180 22 52 12987 32 250469 28580 2.0 85 42 14 28 33% 213371 1118944 13939 45%
c i 350.82 284 181 22 52 13084 32 250957 29025 2.0 85 42 14 28 33% 213373 1118944 13938 45%
c i 352.04 284 183 22 52 13357 32 252381 30309 2.0 85 43 14 28 32% 213378 1118942 13937 45%
c - 353.97 284 187 22 53 13605 33 254483 27003 2.0 86 43 13 29 32% 208893 1118934 13937 45%
c i 355.75 284 196 22 53 13750 32 256596 28882 2.0 89 43 13 29 32% 208899 1118929 13923 45%
c i 357.30 285 199 22 53 14022 33 258743 30739 2.0 89 44 13 29 32% 208904 1118926 13911 45%
c } 357.53 285 200 23 53 14080 33 259076 31016 2.0 89 44 13 29 32% 208905 1118926 13911 45%
c [ 357.53 285 117 23 53 14080 3 259076 31016 1.7 84 49 22 59 59% 208905 1118926 13911 45%
c B 357.53 285 117 23 53 14080 3 259076 31016 1.7 84 49 22 59 59% 208905 1118926 13911 45%
c
c seconds      switched     rate          size/glue  tier1       binary            remaining
c          MB    reductions   conflicts         size    tier2         irredundant
c            level    restarts       redundant     glue     trail             variables
c
c - 363.87 285 116 23 54 14082 3 261765 28882 1.7 85 49 22 59 59% 206716 1118925 13911 45%
c - 379.65 286 111 23 55 14086 3 269113 31000 1.8 87 49 22 58 60% 206717 1118924 13911 45%
c - 397.56 287 107 23 56 14090 3 276535 31768 1.8 87 49 22 57 60% 206718 1118923 13911 45%
c - 415.77 287 102 23 57 14094 3 284020 32329 1.8 86 49 22 56 60% 206720 1118921 13911 45%
c W 431.29 260 99 23 57 14094 3 290528 37320 1.8 85 48 22 56 60% 206721 1113760 13911 45%
c - 433.50 260 98 23 58 14094 3 291569 33149 1.8 85 48 22 55 60% 206721 1113760 13911 45%
c 2 443.76 261 98 23 58 14098 3 296213 36946 1.8 85 48 22 55 60% 206724 1113757 13909 45%
c s 444.25 268 98 23 58 14098 3 296213 36946 1.8 85 48 22 55 60% 206736 1113057 13909 45%
c e 446.13 269 98 23 58 14098 3 296213 36946 1.8 85 48 22 55 60% 225642 1112452 12197 39%
c 2 446.13 269 98 23 58 14098 3 296213 36946 1.8 85 48 22 55 60% 225434 1112452 12197 39%
c ! 446.87 274 98 23 58 14098 3 296213 36946 1.8 85 48 22 55 60% 225462 1112424 12197 39%
c b 447.68 274 98 23 58 14098 3 296295 35769 1.8 85 48 22 55 60% 225513 1112394 12183 39%
c u 448.31 276 98 23 58 14098 3 296295 35313 1.8 85 48 22 55 60% 225528 1112394 12182 39%
c v 449.46 278 98 23 58 14098 3 296295 32541 1.8 85 48 22 55 60% 225528 1112394 12182 39%
c w 450.05 279 98 23 58 14098 3 296295 29285 1.8 85 48 22 55 60% 225528 1112394 12182 39%
c x 450.35 280 98 23 58 14098 3 296295 29285 1.8 85 48 22 55 60% 225799 1109839 12178 39%
c t 450.59 280 98 23 58 14098 3 296295 29238 1.8 85 48 22 55 60% 225742 1108748 12178 39%
c u 452.49 265 98 23 58 14098 3 296295 28464 1.8 85 48 22 55 60% 225112 1108748 12177 39%
c v 454.36 266 98 23 58 14098 3 296295 27722 1.8 85 48 22 55 60% 225111 1108748 12177 39%
c w 455.07 266 98 23 58 14098 3 296295 27088 1.8 85 48 22 55 60% 225111 1108748 12177 39%
c
c seconds     switched     rate          size/glue  tier1       binary            remaining
c          MB   reductions   conflicts         size    tier2         irredundant
c           level    restarts       redundant     glue     trail             variables
c
c b 455.42 266 98 23 58 14098 3 296295 27076 1.8 85 48 22 55 60% 225113 1108447 12176 39%
c f 455.61 267 98 23 58 14098 3 296295 27076 1.8 85 48 22 55 60% 224762 1108447 12177 39%
c i 455.68 267 98 23 58 14098 3 296295 27076 1.8 85 48 22 55 60% 224762 1108447 12177 39%
c - 462.49 273 97 23 59 14100 3 299188 26081 1.8 84 48 22 54 60% 224463 1108087 12177 39%
c - 478.62 274 94 23 60 14104 3 306872 28872 1.7 83 47 22 53 60% 224468 1108086 12177 39%
c ] 484.75 274 95 24 60 14106 3 309665 31157 1.7 83 48 22 53 60% 224468 1108086 12177 39%
c { 484.75 274 200 24 60 14106 33 309665 31157 2.0 89 44 13 29 32% 224468 1108086 12177 39%
c o 486.26 274 200 24 60 14117 33 310735 32156 2.1 90 44 13 29 33% 224468 1108086 12177 39%
c - 488.38 275 201 24 61 14205 32 314619 31483 2.1 92 43 13 30 33% 224475 1108083 12177 39%
c i 488.46 275 199 24 61 14205 31 315302 31947 2.1 92 43 13 30 33% 224481 1108083 12176 39%
c i 489.33 276 201 24 61 14222 31 316921 33382 2.1 92 43 13 30 33% 224486 1108082 12175 39%
c - 492.99 277 199 24 62 14441 30 322434 30872 2.2 94 43 13 31 34% 224221 1108080 12175 39%
c - 500.46 280 195 24 63 14497 28 330308 31495 2.3 98 42 14 31 37% 224234 1108072 12175 39%
c i 507.08 281 190 24 63 14713 26 338177 38382 2.4 98 41 14 31 38% 224255 1108070 12174 39%
c - 507.31 281 190 24 64 14715 26 338245 32398 2.4 98 41 14 32 38% 224141 1108070 12174 39%
c i 512.48 281 184 24 64 14766 25 343352 36646 2.4 96 41 14 32 38% 224157 1108069 12173 39%
c - 514.50 281 184 24 65 14828 24 346246 31781 2.4 97 40 14 32 39% 223963 1108069 12173 39%
c } 514.55 281 184 25 65 14836 24 346346 31852 2.4 97 40 14 32 39% 223964 1108069 12173 39%
c [ 514.55 281 95 25 65 14836 3 346346 31852 1.7 83 48 22 53 60% 223964 1108069 12173 39%
c I 514.55 281 95 25 65 14836 3 346346 31852 1.7 83 48 22 53 60% 223964 1108069 12173 39%
c
c seconds      switched     rate          size/glue  tier1       binary            remaining
c          MB    reductions   conflicts         size    tier2         irredundant
c            level    restarts       redundant     glue     trail             variables
c
c u 519.43 282 106 25 65 14838 3 349857 34577 1.8 85 48 22 53 60% 223984 1106113 12173 39%
c v 520.10 282 106 25 65 14838 3 349857 34502 1.8 85 48 22 53 60% 223984 1106113 12173 39%
c w 520.46 282 106 25 65 14838 3 349857 34462 1.8 85 48 22 53 60% 223984 1106113 12173 39%
c x 520.68 284 106 25 65 14838 3 349857 34462 1.8 85 48 22 53 60% 224121 1105972 12173 39%
c t 520.89 284 106 25 65 14838 3 349857 34462 1.8 85 48 22 53 60% 224079 1105972 12173 39%
c b 520.99 284 106 25 65 14838 3 349857 34462 1.8 85 48 22 53 60% 224079 1105972 12172 39%
c u 521.95 284 106 25 65 14838 3 349857 34066 1.8 85 48 22 53 60% 224097 1105880 12172 39%
c v 522.62 285 106 25 65 14838 3 349857 33886 1.8 85 48 22 53 60% 224097 1105880 12172 39%
c w 522.91 285 106 25 65 14838 3 349857 33872 1.8 85 48 22 53 60% 224097 1105880 12172 39%
c x 523.13 285 106 25 65 14838 3 349857 33872 1.8 85 48 22 53 60% 224270 1105669 12171 39%
c f 523.62 285 106 25 65 14838 3 349857 33867 1.8 85 48 22 53 60% 224166 1105407 12172 39%
c i 523.68 285 106 25 65 14838 3 349857 33867 1.8 85 48 22 53 60% 224166 1105407 12172 39%
c - 530.27 285 106 25 66 14841 3 354312 29587 1.7 85 49 22 55 59% 223875 1105406 12172 39%
c - 542.45 286 109 25 67 14845 3 362436 29046 1.8 89 50 22 55 59% 223887 1105404 12172 39%
c - 558.24 286 109 25 68 14849 3 370621 29726 1.7 90 51 22 56 59% 223887 1105404 12172 39%
c ] 565.75 286 111 26 68 14850 3 374997 33279 1.7 90 53 22 56 58% 223890 1105403 12172 39%
c { 565.75 286 184 26 68 14850 24 374997 33279 2.4 97 40 14 32 39% 223890 1105403 12172 39%
c - 569.35 286 184 26 69 14888 24 378868 31444 2.4 98 40 14 32 40% 223893 1105401 12172 39%
c i 572.19 287 184 26 69 14980 23 382610 34818 2.5 99 40 14 32 40% 223910 1105399 12171 39%
c - 577.35 287 185 26 70 15038 22 387174 34559 2.5 101 40 14 32 42% 223786 1105398 12171 39%
c
c seconds      switched      rate          size/glue   tier1       binary            remaining
c          MB    reductions    conflicts         size     tier2         irredundant
c            level    restarts        redundant      glue     trail             variables
c
c i 580.83 287 186 26 70 15145 22 390873 37879 2.6 102 39 14 32 42% 223804 1105394 12170 39%
c o 580.88 287 186 26 70 15145 22 390873 37879 2.6 102 39 14 32 42% 223804 1105394 12170 39%
c i 580.96 287 186 26 70 15160 22 391245 38168 2.6 102 39 14 32 42% 223808 1105393 12169 39%
c - 586.74 288 185 26 71 15278 21 395542 35365 2.6 102 39 14 33 43% 223591 1105388 12169 39%
c - 596.27 290 185 26 72 15444 20 403973 36783 2.7 106 39 14 33 45% 223598 1105387 12169 39%
c u 601.36 290 185 26 72 15555 20 408346 40360 2.8 107 39 14 33 45% 223619 1103735 12169 39%
c v 602.14 291 185 26 72 15555 20 408346 40293 2.8 107 39 14 33 45% 223619 1103735 12169 39%
c w 602.52 291 185 26 72 15555 20 408346 40290 2.8 107 39 14 33 45% 223619 1103735 12169 39%
c x 602.76 295 185 26 72 15555 20 408346 40290 2.8 107 39 14 33 45% 223919 1103425 12169 39%
c = 603.28 295 185 26 72 15555 20 408346 40290 2.8 107 39 14 33 45% 223919 1103385 12168 39%
c t 603.56 295 185 26 72 15555 20 408346 40289 2.8 107 39 14 33 45% 223893 1103277 12168 39%
c f 603.84 295 185 26 72 15555 20 408346 40289 2.8 107 39 14 33 45% 223404 1103277 12169 39%
c i 604.30 295 183 26 72 15594 20 410026 41551 2.8 106 38 14 33 45% 223413 1103276 12168 39%
c - 607.34 295 183 26 73 15632 19 412458 36661 2.8 107 38 14 33 45% 223188 1103275 12168 39%
c } 610.73 295 182 27 73 15882 19 417216 40749 2.8 106 38 14 33 45% 223210 1103270 12168 39%
c [ 610.73 295 111 27 73 15882 3 417216 40749 1.7 90 53 22 56 58% 223210 1103270 12168 39%
c B 610.73 295 111 27 73 15882 3 417216 40749 1.7 90 53 22 56 58% 223210 1103270 12168 39%
c - 617.91 295 121 27 74 15884 3 421005 36149 1.7 90 52 22 56 59% 223210 1103270 12168 39%
c s 623.18 300 119 27 74 15887 3 423628 38154 1.7 90 52 22 56 59% 223212 1100301 12168 39%
c e 623.95 300 119 27 74 15887 3 423628 38154 1.7 90 52 22 56 59% 223265 1100312 12157 39%
c
c seconds      switched     rate          size/glue  tier1       binary            remaining
c          MB    reductions   conflicts         size    tier2         irredundant
c            level    restarts       redundant     glue     trail             variables
c
c - 639.14 304 116 27 75 15889 3 429609 34543 1.7 89 52 22 57 59% 223265 1100312 12157 39%
c - 658.75 304 111 27 76 15895 3 438270 34478 1.7 88 51 22 56 60% 223265 1100312 12157 39%
c ] 673.64 304 108 28 76 15896 3 445583 40105 1.7 87 51 22 56 60% 223270 1100311 12157 39%
c { 673.64 304 182 28 76 15896 19 445583 40105 2.8 106 38 14 33 45% 223270 1100311 12157 39%
c - 675.19 305 180 28 77 15898 19 446987 35855 2.8 107 38 14 33 45% 223272 1100310 12157 39%
c i 676.15 305 181 28 77 15990 19 449453 37776 2.8 106 38 14 33 44% 223314 1100309 12156 39%
c i 682.20 305 182 28 77 16148 18 454783 42693 2.9 108 38 14 33 45% 223325 1100309 12155 39%
c - 683.28 305 183 28 78 16174 18 455761 35200 2.9 108 38 14 33 45% 222999 1100309 12155 39%
c i 685.95 305 183 28 78 16269 18 459204 38256 2.9 108 38 14 33 46% 223016 1100309 12154 39%
c i 686.14 305 183 28 78 16298 18 459879 38779 2.9 108 38 14 33 45% 223026 1100307 12153 39%
c - 690.22 305 186 28 79 16393 18 464592 34689 2.9 108 37 14 33 46% 222744 1100306 12153 39%
c i 696.13 305 181 28 79 16623 17 471842 40886 2.9 107 37 14 33 45% 222770 1100305 12152 39%
c u 697.02 306 181 28 79 16623 17 471842 39780 2.9 107 37 14 33 45% 222817 1095479 12146 39%
c v 698.00 306 181 28 79 16623 17 471842 39749 2.9 107 37 14 33 45% 222817 1095479 12146 39%
c w 698.41 306 181 28 79 16623 17 471842 39738 2.9 107 37 14 33 45% 222817 1095479 12146 39%
c x 698.70 307 181 28 79 16623 17 471842 39738 2.9 107 37 14 33 45% 222859 1094131 12139 39%
c t 698.98 307 181 28 79 16623 17 471842 39610 2.9 107 37 14 33 45% 222768 1092200 12139 39%
c b 699.09 307 181 28 79 16623 17 471842 39610 2.9 107 37 14 33 45% 222768 1092200 12137 39%
c u 700.15 307 181 28 79 16623 17 471842 39035 2.9 107 37 14 33 45% 222847 1091725 12135 39%
c v 700.85 307 181 28 79 16623 17 471842 38941 2.9 107 37 14 33 45% 222847 1091725 12135 39%
c
c seconds      switched      rate          size/glue   tier1       binary            remaining
c          MB    reductions    conflicts         size     tier2         irredundant
c            level    restarts        redundant      glue     trail             variables
c
c w 701.23 307 181 28 79 16623 17 471842 38938 2.9 107 37 14 33 45% 222847 1091725 12135 39%
c x 701.49 308 181 28 79 16623 17 471842 38938 2.9 107 37 14 33 45% 223086 1091133 12127 39%
c i 702.20 308 181 28 79 16623 17 471842 38886 2.9 107 37 14 33 45% 223095 1090401 12127 39%
c i 702.23 308 181 28 79 16623 17 471866 38896 2.9 107 37 14 33 45% 223100 1090401 12126 39%
c - 705.45 308 179 28 80 16634 17 473481 34651 2.9 106 37 14 33 46% 219173 1090400 12126 39%
c - 723.88 308 168 28 81 16641 16 482427 35980 2.9 102 35 13 33 47% 219177 1090398 12126 39%
c - 742.80 308 157 28 82 16669 14 491430 37405 2.9 98 34 13 33 49% 219181 1090395 12126 39%
c } 747.57 308 155 29 82 16683 14 493722 39320 2.8 97 34 13 33 49% 219183 1090395 12126 39%
c [ 747.57 308 108 29 82 16683 3 493722 39320 1.7 87 51 22 56 60% 219183 1090395 12126 39%
c W 748.08 275 108 29 82 16683 3 493722 39320 1.7 87 51 22 56 60% 219182 1090064 12126 39%
c o 748.13 275 108 29 82 16683 3 493722 39320 1.7 87 51 22 56 60% 219182 1090064 12126 39%
c - 752.45 278 116 29 83 16688 3 500492 38541 1.7 86 51 22 55 57% 219194 1090064 12126 39%
c - 760.20 279 112 29 84 16692 3 509602 39188 1.7 83 49 22 55 55% 219199 1090063 12126 39%
c - 770.67 280 110 29 85 16697 3 518767 41134 1.7 81 48 22 54 54% 219208 1090060 12126 39%
c - 780.48 280 106 29 86 16699 3 527986 43611 1.7 80 46 21 53 52% 219213 1090060 12126 39%
c ] 789.89 281 105 30 86 16704 3 536453 50386 1.8 80 46 21 53 51% 219217 1090060 12126 39%
c { 789.89 281 155 30 86 16704 14 536453 50386 2.8 97 34 13 33 49% 219217 1090060 12126 39%
c - 790.39 281 155 30 87 16747 14 537260 45223 2.8 96 34 13 33 49% 219221 1090059 12126 39%
c i 790.56 281 154 30 87 16757 14 538050 45807 2.8 96 34 13 33 48% 219229 1090058 12125 39%
c u 794.85 284 154 30 87 16798 14 540330 46452 2.8 95 34 13 33 49% 219281 1089546 12108 39%
c
c seconds      switched      rate          size/glue  tier1       binary            remaining
c          MB    reductions    conflicts         size    tier2         irredundant
c            level    restarts        redundant     glue     trail             variables
c
c v 795.64 284 154 30 87 16798 14 540330 42722 2.8 95 34 13 33 49% 219281 1089546 12108 39%
c w 796.03 284 154 30 87 16798 14 540330 41643 2.8 95 34 13 33 49% 219282 1089546 12108 39%
c x 796.36 287 154 30 87 16798 14 540330 41643 2.8 95 34 13 33 49% 219304 1086094 12108 39%
c t 796.67 287 154 30 87 16798 14 540330 41575 2.8 95 34 13 33 49% 219283 1086094 12108 39%
c f 796.96 287 154 30 87 16798 14 540330 41575 2.8 95 34 13 33 49% 218157 1086094 12109 39%
c u 798.39 275 154 30 87 16798 14 540330 41046 2.8 95 34 13 33 49% 216014 1086094 12102 39%
c v 799.07 277 154 30 87 16798 14 540330 40972 2.8 95 34 13 33 49% 216027 1086094 12102 39%
c w 799.42 277 154 30 87 16798 14 540330 40962 2.8 95 34 13 33 49% 216027 1086094 12102 39%
c i 799.97 278 154 30 87 16798 14 540330 40943 2.8 95 34 13 33 49% 216031 1084362 12102 39%
c - 806.35 280 154 30 88 17037 14 546588 44497 2.9 96 34 13 33 49% 215292 1084360 12102 39%
c i 810.39 281 156 30 88 17231 14 551492 48877 2.9 96 33 13 33 49% 215317 1084357 12101 39%
c i 811.98 281 157 30 88 17354 14 553949 50984 2.9 96 33 13 33 49% 215333 1084354 12100 39%
c - 813.80 282 156 30 89 17466 14 555968 49492 2.8 95 33 13 32 48% 215068 1084352 12100 39%
c i 813.82 282 155 30 89 17466 14 556094 49570 2.8 95 33 13 32 48% 215070 1084352 12099 39%
c - 822.86 286 156 30 90 17891 14 565401 52424 2.9 96 33 13 32 48% 215006 1084345 12099 39%
c i 824.64 287 156 30 90 17944 14 567339 54051 2.9 95 33 13 32 48% 215019 1084343 12098 39%
c i 827.66 287 156 30 90 18086 14 570730 57054 2.9 96 33 13 32 48% 215040 1084337 12097 39%
c - 833.09 290 158 30 91 18231 14 574888 55495 2.9 97 33 13 32 48% 214825 1084334 12097 39%
c i 838.13 291 158 30 91 18400 14 579023 59245 2.9 97 33 13 32 48% 214839 1084329 12096 39%
c 2 838.31 291 157 30 91 18408 14 579210 59418 2.9 97 33 13 32 48% 214840 1084329 12095 39%
c
c seconds      switched      rate          size/glue  tier1       binary            remaining
c          MB    reductions    conflicts         size    tier2         irredundant
c            level    restarts        redundant     glue     trail             variables
c
c s 838.77 299 157 30 91 18408 14 579210 59418 2.9 97 33 13 32 48% 214840 1078596 12095 39%
c e 840.35 300 157 30 91 18408 14 579210 59418 2.9 97 33 13 32 48% 213795 1078753 12046 39%
c 2 840.36 300 157 30 91 18408 14 579210 59418 2.9 97 33 13 32 48% 213788 1078753 12046 39%
c s 840.79 302 157 30 91 18408 14 579210 59418 2.9 97 33 13 32 48% 213788 1078731 12046 39%
c - 849.93 302 156 30 92 18620 14 584427 53924 2.9 96 33 12 32 49% 213775 1078729 12046 39%
c } 864.63 303 150 31 92 18704 13 590888 59564 2.9 93 32 12 32 50% 213780 1078729 12046 39%
c [ 864.63 303 105 31 92 18704 3 590888 59564 1.8 80 46 21 53 51% 213780 1078729 12046 39%
c O 864.63 303 105 31 92 18704 3 590888 59564 1.8 80 46 21 53 51% 213780 1078729 12046 39%
c - 868.07 303 105 31 93 18706 3 594019 54137 1.8 81 46 21 53 51% 213781 1078729 12046 39%
c - 883.09 303 104 31 94 18711 3 603662 52493 1.7 81 47 21 53 51% 213793 1078726 12046 39%
c - 902.72 304 103 31 95 18717 3 613358 49977 1.7 82 48 21 53 51% 213801 1078721 12046 39%
c b 904.24 304 103 31 95 18717 3 613891 50336 1.7 82 48 21 53 51% 213812 1078710 12042 39%
c u 905.15 304 103 31 95 18717 3 613891 48307 1.7 82 48 21 53 51% 213815 1078710 12042 39%
c v 906.18 305 103 31 95 18717 3 613891 47490 1.7 82 48 21 53 51% 213815 1078710 12042 39%
c w 906.57 306 103 31 95 18717 3 613891 47287 1.7 82 48 21 53 51% 213815 1078710 12042 39%
c x 906.87 306 103 31 95 18717 3 613891 47287 1.7 82 48 21 53 51% 213828 1077316 12042 39%
c t 907.10 306 103 31 95 18717 3 613891 47287 1.7 82 48 21 53 51% 213770 1077316 12042 39%
c u 908.68 306 103 31 95 18717 3 613891 47017 1.7 82 48 21 53 51% 213772 1077316 12042 39%
c v 909.58 306 103 31 95 18717 3 613891 45270 1.7 82 48 21 53 51% 213772 1077316 12042 39%
c w 909.91 306 103 31 95 18717 3 613891 45104 1.7 82 48 21 53 51% 213772 1077316 12042 39%
c
c seconds      switched     rate          size/glue  tier1       binary            remaining
c          MB    reductions   conflicts         size    tier2         irredundant
c            level    restarts       redundant     glue     trail             variables
c
c x 910.19 306 103 31 95 18717 3 613891 45104 1.7 82 48 21 53 51% 213782 1077306 12042 39%
c = 911.56 306 103 31 95 18717 3 613891 45104 1.7 82 48 21 53 51% 213782 1077267 12041 39%
c f 912.06 306 103 31 95 18717 3 613891 45099 1.7 82 48 21 53 51% 212556 1077115 12043 39%
c o 912.16 306 103 31 95 18717 3 613891 45099 1.7 82 48 21 53 51% 212556 1077115 12043 39%
c - 923.28 306 104 31 96 18718 3 623105 47552 1.8 82 46 20 52 50% 212040 1077113 12043 39%
c - 941.43 307 100 31 97 18725 3 632902 50530 1.8 80 45 20 52 50% 212046 1077108 12043 39%
c - 958.65 307 97 31 98 18731 3 642750 51381 1.8 78 44 20 51 50% 212049 1077106 12043 39%
c B 960.52 307 97 31 98 18731 3 643675 52096 1.8 78 44 20 51 50% 212049 1077106 12043 39%
c ] 969.00 307 101 32 98 18732 3 647822 55640 1.8 79 44 20 51 51% 212052 1077106 12043 39%
c { 969.00 307 150 32 98 18732 13 647822 55640 2.9 93 32 12 32 50% 212052 1077106 12043 39%
c i 970.17 307 151 32 98 18889 13 649711 57218 2.9 93 32 12 32 49% 212077 1077099 12042 39%
c i 971.73 307 151 32 98 19015 13 651474 58761 2.9 93 32 12 32 49% 212084 1077099 12041 39%
c - 972.65 307 150 32 99 19056 13 652656 51597 2.9 92 32 12 32 49% 211825 1077098 12041 39%
c i 982.79 308 146 32 99 19151 13 658932 57096 2.9 91 32 12 32 50% 211841 1077095 12040 39%
c i 984.29 308 146 32 99 19258 13 660747 58517 2.8 91 32 12 32 49% 211855 1077093 12039 39%
c i 985.41 308 146 32 99 19393 13 662294 59820 2.8 90 32 12 32 49% 211869 1077093 12038 39%
c - 985.94 308 146 32 100 19421 13 662609 52151 2.8 91 32 12 32 49% 211480 1077092 12038 39%
c i 992.35 308 146 32 100 19702 13 667550 56307 2.8 90 32 12 32 49% 211539 1077088 12037 39%
c i 994.52 308 145 32 100 19822 13 670170 58509 2.8 90 32 12 32 48% 211556 1077087 12036 39%
c - 997.44 311 145 32 101 19945 13 672609 53285 2.8 91 32 12 32 49% 211290 1077085 12036 39%
c
c seconds      switched       rate          size/glue  tier1       binary            remaining
c          MB    reductions     conflicts         size    tier2         irredundant
c            level     restarts        redundant     glue     trail             variables
c
c i 998.81 312 146 32 101 20030 13 674128 54604 2.9 91 32 12 32 48% 211303 1077084 12035 39%
c - 1005.33 312 146 32 102 20490 13 682659 54381 2.9 91 32 12 32 47% 211220 1077076 12035 39%
c i 1005.46 312 145 32 102 20493 13 683674 55089 2.8 91 32 12 32 47% 211224 1077075 12034 39%
c b 1014.26 312 144 32 102 21030 13 692589 61040 2.8 90 32 12 32 47% 211296 1070500 12033 39%
c u 1016.12 314 144 32 102 21030 13 692589 59945 2.8 90 32 12 32 47% 211295 1070500 12033 39%
c v 1017.07 314 144 32 102 21030 13 692589 59906 2.8 90 32 12 32 47% 211295 1070500 12033 39%
c w 1017.46 314 144 32 102 21030 13 692589 59905 2.8 90 32 12 32 47% 211295 1070500 12033 39%
c x 1017.78 314 144 32 102 21030 13 692589 59905 2.8 90 32 12 32 47% 211300 1070272 12033 39%
c t 1018.01 314 144 32 102 21030 13 692589 59905 2.8 90 32 12 32 47% 211265 1070272 12033 39%
c f 1018.29 314 144 32 102 21030 13 692589 59905 2.8 90 32 12 32 47% 210837 1070272 12034 39%
c - 1018.79 314 145 32 103 21049 13 692758 53108 2.8 90 32 12 32 47% 210653 1070272 12034 39%
c i 1021.11 314 144 32 103 21134 13 695879 55804 2.9 91 32 12 32 47% 210663 1070270 12033 39%
c - 1030.67 315 146 32 104 21512 13 702906 55333 2.9 93 32 12 32 47% 210589 1070265 12033 39%
c i 1033.95 315 147 32 104 21779 14 705687 57856 2.9 93 32 12 32 47% 210605 1070264 12032 39%
c i 1035.83 315 150 32 104 21894 14 708300 60162 2.9 94 32 12 32 47% 210612 1070262 12031 39%
c } 1037.06 315 149 33 104 21926 14 708926 60700 2.9 94 32 12 32 47% 210612 1070262 12031 39%
c [ 1037.06 315 101 33 104 21926 3 708926 60700 1.8 79 44 20 51 51% 210612 1070262 12031 39%
c W 1037.31 285 101 33 104 21926 3 708926 60700 1.8 79 44 20 51 51% 210383 1068523 12031 39%
c - 1047.05 286 100 33 105 21929 3 713104 57296 1.8 79 44 20 51 51% 210384 1068523 12031 39%
c - 1074.60 287 95 33 106 21935 3 723350 57571 1.8 78 43 20 50 52% 210386 1068523 12031 39%
c
c  seconds     switched      rate          size/glue  tier1       binary            remaining
c           MB   reductions    conflicts         size    tier2         irredundant
c            level     restarts       redundant     glue     trail             variables
c
c o 1079.87 287 95 33 106 21936 3 725370 59233 1.8 78 43 20 50 52% 210387 1068523 12031 39%
c - 1095.32 289 106 33 107 21940 3 733646 57606 1.8 81 44 20 51 53% 210396 1068520 12031 39%
c - 1121.98 290 103 33 108 21943 3 743995 57277 1.8 81 44 19 50 54% 210399 1068519 12031 39%
c ] 1150.37 290 98 34 108 21947 3 753342 64382 1.8 80 43 19 50 55% 210403 1068518 12031 39%
c { 1150.38 290 149 34 108 21947 14 753342 64382 2.9 94 32 12 32 47% 210403 1068518 12031 39%
c - 1152.12 291 148 34 109 21956 14 754387 58192 2.9 93 32 12 32 47% 210403 1068518 12031 39%
c s 1163.44 300 136 34 109 21956 12 764274 67603 3.0 91 30 12 32 48% 210403 1067592 12031 39%
c e 1164.55 300 136 34 109 21956 12 764274 67603 3.0 91 30 12 32 48% 210338 1067613 12010 39%
c s 1165.19 301 136 34 109 21956 12 764274 67603 3.0 91 30 12 32 48% 210344 1067605 12010 39%
c - 1166.23 301 135 34 110 21956 12 764827 62662 3.0 91 30 12 31 48% 210339 1067604 12010 39%
c - 1182.82 302 124 34 111 21956 11 775315 63986 3.0 89 29 12 31 49% 210339 1067604 12010 39%
c u 1186.72 307 123 34 111 21956 11 776490 64566 3.0 89 29 12 31 49% 210352 1067600 12010 39%
c v 1188.58 310 123 34 111 21956 11 776490 64539 3.0 89 29 12 31 49% 210352 1067600 12010 39%
c w 1188.73 310 123 34 111 21956 11 776490 64529 3.0 89 29 12 31 49% 210353 1067600 12010 39%
c t 1188.96 310 123 34 111 21956 11 776490 64529 3.0 89 29 12 31 49% 210336 1067600 12010 39%
c f 1190.04 310 123 34 111 21956 11 776490 64529 3.0 89 29 12 31 49% 210135 1067600 12011 39%
c u 1191.28 311 123 34 111 21956 11 776490 64229 3.0 89 29 12 31 49% 210135 1067600 12011 39%
c v 1192.50 312 123 34 111 21956 11 776490 64202 3.0 89 29 12 31 49% 210135 1067600 12011 39%
c w 1192.64 312 123 34 111 21956 11 776490 64197 3.0 89 29 12 31 49% 210135 1067600 12011 39%
c x 1193.24 312 123 34 111 21956 11 776490 64197 3.0 89 29 12 31 49% 210348 1067284 12010 39%
c
c  seconds      switched       rate          size/glue  tier1       binary            remaining
c           MB    reductions     conflicts         size    tier2         irredundant
c             level     restarts        redundant     glue     trail             variables
c
c f 1193.94 312 123 34 111 21956 11 776490 64195 3.0 89 29 12 31 49% 210251 1066983 12011 39%
c i 1194.03 312 123 34 111 21956 11 776490 64195 3.0 89 29 12 31 49% 210251 1066983 12011 39%
c } 1199.44 313 118 34 111 21956 11 782065 69415 3.0 87 29 12 31 48% 210254 1066981 12011 39%
c ? 1199.44 313 118 34 111 21956 11 782065 69415 3.0 87 29 12 31 48% 210254 1066981 12011 39%
c
c ---- [ result ] ------------------------------------------------------------
c
s UNKNOWN
c
c ---- [ profiling ] ---------------------------------------------------------
c
c        1080.34   90.07 %  search
c         653.32   54.47 %  stable
c         427.02   35.60 %  focused
c         108.16    9.02 %  simplify
c          97.88    8.16 %  probe
c          51.93    4.33 %  vivify
c          18.98    1.58 %  reduce
c          16.13    1.34 %  eliminate
c          14.50    1.21 %  factor
c          12.81    1.07 %  substitute
c           9.38    0.78 %  preprocess
c           6.91    0.58 %  sweep
c           5.65    0.47 %  backbone
c           5.63    0.47 %  subsume
c           3.39    0.28 %  congruence
c           2.21    0.18 %  walking
c           1.55    0.13 %  parse
c           1.33    0.11 %  fastel
c           1.12    0.09 %  transitive
c           0.01    0.00 %  lucky
c =============================================
c        1199.44  100.00 %  total
c
c ---- [ statistics ] --------------------------------------------------------
c
c arena_enlarged:                          18              100 %  resize
c arena_garbage:                       296400                0 %  resident set
c arena_resized:                           18            43448    interval
c backbone_implied:                        50                1.43 per unit
c backbone_units:                          35                0 %  variables
c best_saved:                              64            12220    interval
c chronological:                         5798                1 %  conflicts
c clauses_deleted:                    1161639               46 %  added
c clauses_factored:                      8621                0 %  added
c clauses_improved:                    493269               64 %  learned
c clauses_kept1:                        67929               14 %  improved
c clauses_kept2:                       330894               67 %  improved
c clauses_kept3:                        54035               11 %  improved
c clauses_promoted1:                    27490                6 %  improved
c clauses_promoted2:                    12921                3 %  improved
c clauses_reduced:                     515439               66 %  learned
c clauses_reduced_tier1:                11637                2 %  reduced
c clauses_reduced_tier2:               411226               80 %  reduced
c clauses_reduced_tier3:                92576               18 %  reduced
c clauses_unfactored:                  144458             1676 %  factored
c compacted:                                2                2 %  reductions
c conflicts:                           782065              652.02 per second
c congruent_binaries:                     834                0 %  clauses added
c congruent_units:                          1                0 %  variables
c decisions:                          7835280               10.02 per conflict
c definitions_checked:                  87744              100 %  attempts
c definitions_extracted:                   30              100 %  extracted
c definition_units:                        29                0 %  variables
c defragmentations:                         1           782065    interval
c dense_propagations:                     114                0 %  propagations
c dense_ticks:                            739                0 %  ticks
c duplicated:                             230                0 %  added
c eagerly_subsumed:                    120858               16 %  learned
c eliminate_attempted:                  87915                2.84 per variable
c eliminated:                           18409               59 %  variables
c factored:                                16                0 %  variables
c fast_eliminated:                      15736               85 %  eliminated
c fresh:                                   16                0 %  variables
c flipped:                               1884              269.14 per walk
c focused_decisions:                  6726401               86 %  decisions
c focused_modes:                           17            46004    interval
c focused_propagations:             124550218               34 %  propagations
c focused_restarts:                     21761               99 %  restarts
c focused_ticks:                    767939305               41 %  ticks
c forward_strengthened:                    56              100 %  per strengthened
c forward_subsumed:                      3654              100 %  per subsumed
c forward_subsumptions:                    18            43448    interval
c gates_checked:                        87744              100 %  attempts
c gates_extracted:                         30                0 %  attempts
c initial_decisions:                     2809                0 %  decisions
c iterations:                             197                1 %  variables
c jumped_reasons:                   212546224               58 %  propagations
c kitten_conflicts:                     10231                0.06 per solved
c kitten_decisions:                  34307828              187.74 per solved
c kitten_flip:                        9341356 
c kitten_flipped:                     7599795               81 %  flip
c kitten_sat:                          181863              100 %  solved
c kitten_unknown:                          10                0 %  solved
c kitten_unsat:                           870                0 %  solved
c literals_bumped:                  208411534              268.85 per clause
c literals_deduced:                 138688227              178.90 per clause
c literals_factored:                    24222                2.81 per factored
c literals_learned:                  68016320               87.74 per clause
c literals_minshrunken:               9157367               13 %  shrunken
c literals_shrunken:                 70671977               51 %  deduced
c moved:                                   10                9 %  reductions
c on_the_fly_strengthened:               3283                0 %  of conflicts
c on_the_fly_subsumed:                    102                0 %  of conflicts
c probing_propagations:             125216438               34 %  propagations
c propagations:                     366654587           305687    per second
c queue_decisions:                    5540740               71 %  decision
c random_decisions:                   1207422               15 %  decision
c reductions:                             111             7046    interval
c reordered:                               12            65172    interval
c reordered_focused:                        8               67 %  reordered
c reordered_stable:                         4               33 %  reordered
c rephased:                                20            39103    interval
c rephased_best:                            7               35 %  rephased
c rephased_inverted:                        3               15 %  rephased
c rephased_original:                        3               15 %  rephased
c rephased_walking:                         7               35 %  rephased
c restarts:                             21956               36    interval
c restarts_levels:                    4955032              225.68 per restart
c restarts_reused_levels:              202979                4 %  levels
c restarts_reused_trails:                9463               43 %  restarts
c saved_decisions:                    4396630               56 %  decisions
c score_decisions:                    1115851               14 %  decision
c stable_decisions:                   1108879               14 %  decisions
c stable_propagations:              116790686               32 %  propagations
c stable_restarts:                        195                1 %  restarts
c strengthened:                            56                0 %  checks
c substitute_units:                         2                0 %  variables
c subsumed:                              3654                0 %  checks
c sweep_clauses:                      3847155              258.56 per sweep_variables
c sweep_depth:                          27710                1.86 per sweep_variables
c sweep_environment:                  4215010              283.29 per sweep_variables
c sweep_flip_backbone:                4953418              332.91 per sweep_variables
c sweep_flipped_backbone:             4011980               81 %  sweep_flip_backbone
c sweep_flip_equivalences:              42651                2.87 per sweep_variables
c sweep_flipped_equivalences:            2877                7 %  sweep_flip_equivalences
c sweep_sat:                            94149               99 %  sweep_solved
c sweep_sat_backbone:                   59928              100 %  sweep_solved_backbone
c sweep_sat_equivalences:               19346               96 %  sweep_solved_equivalences
c sweep_solved_backbone:                59933               63 %  sweep_solved
c sweep_solved_equivalences:            20157               21 %  sweep_solved
c sweep_unknown_backbone:                   2                0 %  sweep_solved_backbone
c sweep_unknown_equivalences:               4                0 %  sweep_solved_equivalences
c sweep_unsat:                            810                1 %  sweep_solved
c sweep_unsat_backbone:                     3                0 %  sweep_solve_backbone
c sweep_unsat_equivalences:               807                4 %  sweep_solve_equivalences
c sweep_variables:                      14879               48 %  variables
c switched:                                34            23002    interval
c target_decisions:                   1212754               15 %  decisions
c target_saved:                           217             3604    interval
c transitive_reduced:                     644                0 %  added
c transitive_reductions:                   32            24440    interval
c vivified:                             63893               83 %  checks
c vivified_asym:                            3                0 %  vivified
c vivified_implied:                      1584                2 %  vivified
c vivified_instantiated:                  969                2 %  vivified
c vivified_instirr:                       839               87 %  instantiated
c vivified_instred:                       130               13 %  instantiated
c vivified_irredundant:                  1924                3 %  vivified
c vivified_shrunken:                    24655               39 %  vivified
c vivified_shrunkirr:                     800                3 %  shrunken
c vivified_shrunkred:                   23855               97 %  shrunken
c vivified_subirr:                        282                1 %  subsumed
c vivified_subred:                      36400               99 %  subsumed
c vivified_subsumed:                    36682               57 %  vivified
c vivified_tier1:                       25118               39 %  vivified
c vivified_tier2:                       26746               42 %  vivified
c vivified_tier3:                       10105               16 %  vivified
c vivify_units:                           138                0 %  variables
c walk_decisions:                           7              100 %  walks
c walk_improved:                            1               14 %  walks
c walks:                                    7           111724    interval
c warming_conflicts:                      269               38.43 per walk
c weakened:                             81988                3 %  added
c
c ---- [ checker ] -----------------------------------------------------------
c
c checker_added:                      2650494              100 %  
c checker_checked:                    1040774               39 %  added
c checker_removed:                    1054294               40 %  added
c
c ---- [ glue usage ] --------------------------------------------------------
c
c focused glue 12    used  37504 clauses  2.45% accumulated 51.68% tier1
c focused glue 13    used  35455 clauses  2.31% accumulated 54.00%
c focused glue 14-28 used 530945 clauses 34.65% accumulated 88.65%
c focused glue 29    used  13424 clauses  0.88% accumulated 89.53%
c focused glue 30    used  11892 clauses  0.78% accumulated 90.30% tier2
c
c stable glue 19    used  62237 clauses  3.32% accumulated 51.08% tier1
c stable glue 20    used  63930 clauses  3.41% accumulated 54.49%
c stable glue 21-48 used 654757 clauses 34.94% accumulated 89.44%
c stable glue 49    used   7585 clauses  0.40% accumulated 89.84%
c stable glue 50    used   6826 clauses  0.36% accumulated 90.20% tier2
c
c ---- [ resources ] ---------------------------------------------------------
c
c maximum-resident-set-size:        348258304 bytes        332 MB
c max-allocated:                    342012435 bytes         98 %
c process-time:                        19m 59s            1199.45 seconds
c
c ---- [ shutting down ] -----------------------------------------------------
c
c exit 0
